#Null hypothesis: The sample average reaction time is equal to 200 milliseconds expected reaction time.
#Alternative Hypothesis: the sample average reaction time is not equal to expected reaction time(200 milliseconds).

reaction_times <- c(210, 195, 205, 198, 215, 200, 220, 210, 202, 208, 215, 198, 205, 195, 205, 212, 200, 198, 207, 198)


